************************************************************
 Caleb Donovick, Sharon Smalls-Williams, and Scott Olmstead
                           Team 1
                  Broome Community College
                          CST 202
                           Lab 6
************************************************************
************************************************************

----------------------------------------
        Selection Sort Unsorted
----------------------------------------
963       927       915       914       
780       729       723       709       
697       661       660       571       
528       517       500       469       
383       241       208       186       
173       171       110       68        
25        
________________________________________

----------------------------------------
         Selection Sort Sorted
----------------------------------------
963       927       915       914       
780       729       723       709       
697       661       660       571       
528       517       500       469       
383       241       208       186       
173       171       110       68        
25        
________________________________________

----------------------------------------
          Bubble Sort Unsorted
----------------------------------------
963       927       915       914       
780       729       723       709       
697       661       660       571       
528       517       500       469       
383       241       208       186       
173       171       110       68        
25        
________________________________________

----------------------------------------
           Bubble Sort Sorted
----------------------------------------
963       927       915       914       
780       729       723       709       
697       661       660       571       
528       517       500       469       
383       241       208       186       
173       171       110       68        
25        
________________________________________
