************************************************************
 Caleb Donovick, Sharon Smalls-Williams, and Scott Olmstead
                           Team 1
                  Broome Community College
                          CST 202
                           Lab 6
************************************************************
************************************************************

----------------------------------------
        Selection Sort Unsorted
----------------------------------------
727       884       926       846       
434       771       582       410       
988       508       598       941       
486       834       6         916       
693       539       94        980       
867       926       154       935       
161       764       719       414       
210       147       169       607       
987       170       490       914       
694       898       423       723       
202       776       516       58        
513       68        756       327       
536       821       
________________________________________

----------------------------------------
         Selection Sort Sorted
----------------------------------------
727       884       926       846       
434       771       582       410       
988       508       598       941       
486       834       6         916       
693       539       94        980       
867       926       154       935       
161       764       719       414       
210       147       169       607       
987       170       490       914       
694       898       423       723       
202       776       516       58        
513       68        756       327       
536       821       
________________________________________

----------------------------------------
          Bubble Sort Unsorted
----------------------------------------
727       884       926       846       
434       771       582       410       
988       508       598       941       
486       834       6         916       
693       539       94        980       
867       926       154       935       
161       764       719       414       
210       147       169       607       
987       170       490       914       
694       898       423       723       
202       776       516       58        
513       68        756       327       
536       821       
________________________________________

----------------------------------------
           Bubble Sort Sorted
----------------------------------------
727       884       926       846       
434       771       582       410       
988       508       598       941       
486       834       6         916       
693       539       94        980       
867       926       154       935       
161       764       719       414       
210       147       169       607       
987       170       490       914       
694       898       423       723       
202       776       516       58        
513       68        756       327       
536       821       
________________________________________
